[gd_scene load_steps=8 format=2]

[ext_resource path="res://cockpit/cockpit_brut.tscn" type="PackedScene" id=1]
[ext_resource path="res://cockpit/InterpolatedCamera.gd" type="Script" id=2]
[ext_resource path="res://radio_panel/radio_panel.tscn" type="PackedScene" id=3]
[ext_resource path="res://button_panel/button_panel.tscn" type="PackedScene" id=4]
[ext_resource path="res://screen_panel/screen_panel.tscn" type="PackedScene" id=5]
[ext_resource path="res://main_controller/main_controller.tscn" type="PackedScene" id=6]
[ext_resource path="res://speed_controller/speed_controller_panel.tscn" type="PackedScene" id=7]

[node name="Spatial" type="Spatial"]

[node name="Cockpit" parent="." index="0" instance=ExtResource( 1 )]

transform = Transform( 1, 0, 0, 0, 1, 0, 0, 0, 1, 0, 0, -3.20686 )
_sections_unfolded = [ "Transform" ]

[node name="Yaw" type="Spatial" parent="." index="1"]

[node name="InterpolatedCamera" type="InterpolatedCamera" parent="Yaw" index="0"]

transform = Transform( -1, 0, -3.25841e-07, 0, 1, 0, 3.25841e-07, 0, -1, 0, 0, -0.298793 )
keep_aspect = 1
cull_mask = 1048575
environment = null
h_offset = 0.0
v_offset = 0.0
doppler_tracking = 0
projection = 0
current = true
fov = 56.5268
size = 1.0
near = 0.05
far = 100.0
target = NodePath("")
speed = 1.0
enabled = false
script = ExtResource( 2 )
_sections_unfolded = [ "Transform" ]

[node name="Radio" parent="." index="2" instance=ExtResource( 3 )]

transform = Transform( 0.559773, -0.827998, 0.0327461, -0.827311, -0.560677, -0.0346159, 0.0470218, -0.00771414, -0.998864, 0.6, 0.4, 0.15 )
color1 = Color( 1, 1, 1, 1 )
color2 = Color( 1, 1, 1, 1 )
label1 = "nothing"
label2 = "nothing"

[node name="Buttons_1" parent="." index="3" instance=ExtResource( 4 )]

transform = Transform( 0.0871558, -0.996195, 4.37114e-08, -0.996195, -0.0871558, 7.57103e-08, -7.16125e-08, -5.01436e-08, -1, 0.75, -2.98023e-08, 0.15 )
label1 = "nothing"
color1 = Color( 1, 1, 1, 1 )
label2 = "nothing"
color2 = Color( 1, 1, 1, 1 )
label3 = "nothing"
color3 = Color( 1, 1, 1, 1 )
label4 = "nothing"
color4 = Color( 1, 1, 1, 1 )
label5 = "nothing"
color5 = Color( 1, 1, 1, 1 )
label6 = "nothing"
color6 = Color( 1, 1, 1, 1 )
label7 = "nothing"
color7 = Color( 1, 1, 1, 1 )
label8 = "nothing"
color8 = Color( 1, 1, 1, 1 )

[node name="Screen_1" parent="." index="4" instance=ExtResource( 5 )]

transform = Transform( 0.173648, 0.984808, 0, -0.984808, 0.173648, 0, 0, 0, 1, -0.65, -0.25, 0.15 )
color1 = Color( 1, 1, 1, 1 )
color2 = Color( 1, 1, 1, 1 )
color3 = Color( 1, 1, 1, 1 )
label1 = "nothing"
label2 = "nothing"
label3 = "nothing"

[node name="Screen_2" parent="." index="5" instance=ExtResource( 5 )]

transform = Transform( -0.5, 0.866025, 0, -0.866025, -0.5, 0, 0, 0, 1, -0.55, 0.4, 0.15 )
color1 = Color( 1, 1, 1, 1 )
color2 = Color( 1, 1, 1, 1 )
color3 = Color( 1, 1, 1, 1 )
label1 = "nothing"
label2 = "nothing"
label3 = "nothing"

[node name="Main_controller" parent="." index="6" instance=ExtResource( 6 )]

transform = Transform( -1, 0, -3.25841e-07, 0, 1, 0, 3.25841e-07, 0, -1, 0, -0.65, 0.95 )
_sections_unfolded = [ "Transform" ]

[node name="Speed_controller" parent="." index="7" instance=ExtResource( 7 )]

transform = Transform( -4.88762e-08, 0, -0.3, 0.229813, 0.192836, -3.74413e-08, 0.192836, -0.229813, -3.1417e-08, -0.35, -0.35, 0.65 )
_sections_unfolded = [ "Transform" ]


