[gd_scene load_steps=24 format=2]

[ext_resource path="res://addons/zylann.hterrain/hterrain.gd" type="Script" id=1]
[ext_resource path="res://addons/zylann.hterrain/tools/icons/icon_heightmap_node.svg" type="Texture" id=2]
[ext_resource path="res://Scenes/Terrain/Data/data.hterrain" type="Resource" id=3]
[ext_resource path="res://Scenes/Terrain/Data/textures/Seabed/rock_04_diff.jpg" type="Texture" id=4]
[ext_resource path="res://Scenes/Terrain/Data/textures/Seabed/rock_04_nor.jpg" type="Texture" id=5]
[ext_resource path="res://Scenes/Terrain/Data/textures/Seabed/rock_3_diff.jpg" type="Texture" id=6]
[ext_resource path="res://Scenes/Terrain/Data/textures/Seabed/rock_3_nor.jpg" type="Texture" id=7]
[ext_resource path="res://Scenes/Terrain/Data/textures/Patches/grass_path_3_diff.jpg" type="Texture" id=8]
[ext_resource path="res://Scenes/Terrain/Data/textures/Patches/grass_path_3_nor.jpg" type="Texture" id=9]
[ext_resource path="res://Scenes/Terrain/Data/textures/Patches/coral_mud_01_diff.png" type="Texture" id=10]
[ext_resource path="res://Scenes/Terrain/Data/textures/Patches/coral_mud_01_Normal.png" type="Texture" id=11]
[ext_resource path="res://Scripts/Avatar.gd" type="Script" id=12]
[ext_resource path="res://Scripts/Camera.gd" type="Script" id=13]
[ext_resource path="res://Scripts/fps.gd" type="Script" id=14]
[ext_resource path="res://Scripts/Infos.gd" type="Script" id=15]
[ext_resource path="res://Scenes/Vehicles/CargoShip.tscn" type="PackedScene" id=16]
[ext_resource path="res://Scenes/Containers/Containers_Piled.tscn" type="PackedScene" id=17]
[ext_resource path="res://Scenes/Corals/Coral_Table.tscn" type="PackedScene" id=18]
[ext_resource path="res://Scenes/Containers/Container2.tscn" type="PackedScene" id=19]
[ext_resource path="res://Scenes/Containers/Container1.tscn" type="PackedScene" id=20]
[ext_resource path="res://Scenes/Terrain/Scripts/Followpath.gd" type="Script" id=21]
[ext_resource path="res://Scenes/Fishes/FierceShark.tscn" type="PackedScene" id=22]

[sub_resource type="Curve3D" id=1]

bake_interval = 0.15
_data = {
"points": PoolVector3Array( 4.97137, -0.563812, 1.09991, -4.97137, 0.563812, -1.09991, 1.19522, 2.32434, -28.3263, 7.94354, 0, -7.70618, -7.94354, 0, 7.70618, -29.8048, 2.32434, -22.3263, -6.7189, 0, -15.4762, 6.7189, 0, 15.4762, -38.8048, 0.324341, 9.67371, -13.1347, 0, -1.38953, 13.1347, 0, 1.38953, -3.80478, 4.32434, 27.6737, -6.46878, 0, 10.8948, 6.46878, 0, -10.8948, 29.1952, 0.324341, 13.6737, 6.92191, 0, 11.9988, -6.92191, 0, -11.9988, 24.1952, 3.32434, -12.3263, 4.18149, -0.325775, 0.902222, -4.18149, 0.325775, -0.902222, 1.19522, 2.32434, -28.3263 ),
"tilts": PoolRealArray( 0, 0, 0, 0, 0, 0, 0 )
}

[node name="Node" type="Node"]

[node name="HTerrain" type="Spatial" parent="."]
script = ExtResource( 1 )
__meta__ = {
"_editor_icon": ExtResource( 2 )
}
_terrain_data = ExtResource( 3 )
chunk_size = 32
shader_type = "Classic4"
custom_shader = null
shader_params/u_ground_uv_scale = 40.0
shader_params/u_depth_blending = false
shader_params/u_triplanar = true
shader_params/u_globalmap_blend_start = null
shader_params/u_globalmap_blend_distance = null
ground/albedo_bump_0 = ExtResource( 4 )
ground/normal_roughness_0 = ExtResource( 5 )
ground/albedo_bump_1 = ExtResource( 6 )
ground/normal_roughness_1 = ExtResource( 7 )
ground/albedo_bump_2 = ExtResource( 8 )
ground/normal_roughness_2 = ExtResource( 9 )
ground/albedo_bump_3 = ExtResource( 10 )
ground/normal_roughness_3 = ExtResource( 11 )
_detail_objects_data = null

[node name="DirectionalLight" type="DirectionalLight" parent="."]
transform = Transform( 0.478984, 0.595481, -0.644962, -0.295044, 0.801194, 0.520612, 0.826755, -0.0590723, 0.559452, 168.524, 199.578, 599.198 )

[node name="FlyCam" type="Spatial" parent="."]
transform = Transform( 0.837223, 0, 0.546862, 0, 1, 0, -0.546862, 0, 0.837223, 267.737, 338.858, 715.631 )
script = ExtResource( 12 )

[node name="Camera" type="Camera" parent="FlyCam"]
far = 1000.0
script = ExtResource( 13 )

[node name="Label" type="Label" parent="."]
anchor_left = 1.0
anchor_right = 1.0
margin_left = -83.0
margin_bottom = 39.0
script = ExtResource( 14 )

[node name="Label2" type="Label" parent="."]
anchor_left = 1.0
anchor_top = 1.0
anchor_right = 1.0
anchor_bottom = 1.0
margin_left = -104.0
margin_top = -117.0
align = 3
script = ExtResource( 15 )

[node name="Doodads" type="Node" parent="."]

[node name="CargoShip" parent="Doodads" instance=ExtResource( 16 )]
transform = Transform( 0.190434, 0.0904613, 0.977523, -0.429077, 0.903268, 6.39374e-09, -0.882965, -0.419432, 0.210828, 167.386, 106.702, 240.192 )

[node name="Containers_Piled" parent="Doodads" instance=ExtResource( 17 )]
transform = Transform( 3, 0, 0, 0, 3, 0, 0, 0, 3, 202.958, 101.571, 282.854 )

[node name="SharkBoss" type="Spatial" parent="."]
transform = Transform( 1, 0, 0, 0, 1, 0, 0, 0, 1, 245.446, 306.786, 678.747 )

[node name="StartPoint" type="Spatial" parent="."]
transform = Transform( 0.213542, 0, -0.976934, 0, 1, 0, 0.976934, 0, 0.213542, 40.2347, 102.313, 377.609 )

[node name="Decor" type="Node" parent="."]
editor/display_folded = true

[node name="Coral_Table" parent="Decor" instance=ExtResource( 18 )]
transform = Transform( 0.973064, -0.0216222, -0.22952, 0, 0.995592, -0.0937905, 0.230537, 0.0912642, 0.968774, 147.815, 106.228, 345.672 )

[node name="Loot" type="Node" parent="."]
editor/display_folded = true

[node name="Container2" parent="Loot" instance=ExtResource( 19 )]
transform = Transform( 1, 0, 0, 0, 1, 0, 0, 0, 1, 222.9, 301.191, 669.952 )

[node name="Container3" parent="Loot" instance=ExtResource( 19 )]
transform = Transform( 0.92279, -0.0170194, 0.384926, 0, 0.999024, 0.0441715, -0.385302, -0.040761, 0.92189, 223.585, 303.611, 673.744 )

[node name="Container1" parent="Loot" instance=ExtResource( 20 )]
transform = Transform( 0.779814, 0, 0.626011, 0, 1, 0, -0.626011, 0, 0.779814, 225.478, 301.277, 677.267 )

[node name="Bosses" type="Node" parent="."]

[node name="FierceShark" type="Node" parent="Bosses"]

[node name="Path" type="Path" parent="Bosses/FierceShark"]
transform = Transform( 1, 0, 0, 0, 1, 0, 0, 0, 1, 245.805, 305.676, 676.326 )
curve = SubResource( 1 )
script = ExtResource( 21 )
loop_duration = 20.0

[node name="PathFollow" type="PathFollow" parent="Bosses/FierceShark/Path"]
rotation_mode = 4

[node name="FierceShark" parent="Bosses/FierceShark/Path/PathFollow" instance=ExtResource( 22 )]

